continente,0-49 employees,"10,000 or more employees","1000-9,999 employees",250-999 employees,50-249 employees,All
América del Norte,2.4,4.02,3.14,2.01,1.96,13.53
América del Sur,2.11,1.47,1.96,1.47,1.72,8.73
Asia,15.59,11.23,7.99,7.01,7.94,49.75
Europa,3.19,3.09,2.94,1.81,1.86,12.89
NS/NC,0.0,0.0,0.1,0.0,0.1,0.2
Oceanía,0.44,0.39,0.44,0.29,0.2,1.76
África,6.18,1.13,2.45,1.52,1.86,13.14
All,29.9,21.32,19.02,14.12,15.64,100.0
